[NozzleGroup]
2 0 0 0 0 0 0 0 1 2 
2 0 0 0 0 0 0 0 1 2 
2 0 0 0 0 0 0 0 1 2 
2 0 0 0 0 0 0 0 1 2 
2 0 0 0 0 0 0 0 1 2 
-1 0 0 0 0 0 0 0 -1 -1 
-1 0 0 0 0 0 0 0 -1 -1 
-1 0 0 0 0 0 0 0 -1 -1 
-1 0 0 0 0 0 0 0 -1 -1 
2 -1 2 -1 -1 -1 -1 -1 -1 2 
[ComponentGroup]
4 13 8 12 11 7 6 10 15 14 
17 16 25 24 21 20 19 18 23 22 
31 27 26 5 1 1 2 3 30 4 
4 29 28 1 3 1 1 2 32 4 
17 1 1 1 1 1 1 1 33 4 
0 1 5 9 1 2 3 1 0 0 
0 1 7 6 1 2 3 1 0 0 
0 1 1 1 1 2 1 1 0 0 
0 16 16 16 8 8 8 35 0 0 
34 0 34 0 0 0 0 0 0 34 
[LevelGroup]
0 0 0 0 0 0 0 0 0 0 
0 0 0 0 0 0 0 0 0 0 
0 0 0 0 0 0 0 0 0 0 
0 0 0 0 0 0 0 0 0 0 
0 0 0 0 0 0 0 0 0 0 
0 0 0 0 0 0 0 0 0 0 
0 0 0 0 0 0 0 0 0 0 
0 0 0 0 0 0 0 0 0 0 
0 0 0 0 0 0 0 0 0 0 
1 1 1 1 1 1 1 1 1 1 
[Subcycle]
6 3 3 3 3 9 3 3 1 1 
[Sequence]
6 1 2 3 4 7 5 8 9 10 
[NozzleGroup]
2 0 0 0 0 0 0 0 1 2 
2 0 0 0 0 0 0 0 1 2 
2 0 0 0 0 0 0 0 1 2 
2 0 0 0 0 0 0 0 1 2 
2 0 0 0 0 0 0 0 1 2 
-1 0 0 0 0 0 0 0 -1 -1 
-1 0 0 0 0 0 0 0 -1 -1 
-1 0 0 0 0 0 0 0 -1 -1 
-1 0 0 0 0 0 0 0 -1 -1 
2 -1 2 -1 -1 -1 -1 -1 -1 2 
[ComponentGroup]
4 13 8 12 11 7 6 10 15 14 
17 16 25 24 21 20 19 18 23 22 
31 27 26 5 1 1 2 3 30 4 
4 29 28 1 3 1 1 2 32 4 
17 1 1 1 1 1 1 1 33 4 
0 1 5 9 1 2 3 1 0 0 
0 1 7 6 1 2 3 1 0 0 
0 1 1 1 1 2 1 1 0 0 
0 16 16 16 8 8 8 35 0 0 
34 0 34 0 0 0 0 0 0 34 
[LevelGroup]
0 0 0 0 0 0 0 0 0 0 
0 0 0 0 0 0 0 0 0 0 
0 0 0 0 0 0 0 0 0 0 
0 0 0 0 0 0 0 0 0 0 
0 0 0 0 0 0 0 0 0 0 
0 0 0 0 0 0 0 0 0 0 
0 0 0 0 0 0 0 0 0 0 
0 0 0 0 0 0 0 0 0 0 
0 0 0 0 0 0 0 0 0 0 
1 1 1 1 1 1 1 1 1 1 
[Subcycle]
6 3 3 3 3 9 3 3 1 1 
[Sequence]
6 1 2 3 4 7 5 8 9 10 
[NozzleGroup]
2 0 0 0 0 0 0 0 1 2 
2 0 0 0 0 0 0 0 1 2 
2 0 0 0 0 0 0 0 1 2 
2 0 0 0 0 0 0 0 1 2 
2 0 0 0 0 0 0 0 1 2 
2 0 0 0 0 0 0 0 -1 2 
2 0 0 0 0 0 0 0 -1 -1 
-1 0 0 0 0 0 0 0 -1 -1 
-1 0 0 0 0 0 0 0 -1 -1 
-1 0 0 0 0 0 0 0 -1 -1 
[ComponentGroup]
4 13 8 12 11 7 6 10 15 14 
17 16 25 24 21 20 19 18 23 22 
34 27 26 5 1 1 2 3 30 31 
4 29 28 1 3 1 1 2 32 4 
4 1 1 1 1 2 6 1 33 4 
17 16 16 16 1 8 7 35 0 17 
17 1 8 8 1 7 7 1 0 0 
0 1 5 9 1 2 3 1 0 0 
0 1 1 1 1 2 3 1 0 0 
0 1 1 1 1 1 1 1 0 0 
[LevelGroup]
0 0 0 0 0 0 0 0 0 0 
0 0 0 0 0 0 0 0 0 0 
0 0 0 0 0 0 0 0 0 0 
0 0 0 0 0 0 0 0 0 0 
0 0 0 0 0 0 0 0 0 0 
0 0 0 0 0 0 0 0 0 0 
0 0 0 0 0 0 0 0 0 0 
0 0 0 0 0 0 0 0 0 0 
0 0 0 0 0 0 0 0 0 0 
0 0 0 0 0 0 0 0 0 0 
[Subcycle]
6 3 3 3 3 1 1 9 3 2 
[Sequence]
8 1 2 3 4 9 5 10 7 6 
